839
492
105
124
235
656
846
753
335
326
144
109
804
499
754
30
568
823
697
410
8
723
273
232
752
814
746
588
655
291
339
628
821
607
845
583
978
808
522
280
542
389
268
250
77
726
647
505
86
842
385
108
327
622
127
203
143
234
251
714
515
602
744
952
896
707
498
156
106
135
377
432
483
56
336
857
448
526
457
52
2
592
736
611
200
262
429
230
740
51
507
811
442
329
308
703
1
320
215
66
289
359
417
148
110
29
584
854
781
851
616
938
68
276
196
238
299
62
328
256
704
286
119
484
784
530
379
61
690
382
553
922
343
70
910
27
701
131
313
20
72
365
644
798
829
437
751
875
689
551
44
853
282
197
408
349
489
613
888
886
999
439
269
100
261
748
138
858
589
487
801
876
617
891
832
734
381
172
171
3
415
661
363
768
776
991
257
660
874
16
207
306
332
538
668
783
791
345
254
545
893
712
983
211
988
279
987
994
69
869
28
142
224
192
137
974
979
939
298
737
866
591
961
636
599
975
60
760
669
473
721
444
78
745
297
590
242
193
867
806
552
488
356
873
11
125
795
720
895
642
101
585
695
541
307
454
904
997
773
486
104
640
779
500
506
376
601
433
889
141
609
65
25
310
706
539
152
883
59
942
960
692
738
792
763
441
968
666
860
621
284
546
563
220
319
859
41
54
112
81
782
301
503
431
209
759
471
82
528
428
946
807
165
245
995
435
194
195
409
296
931
992
399
189
531
246
971
290
176
559
311
951
47
22
204
154
79
623
817
390
750
456
840
637
586
305
184
178
333
757
594
820
71
912
724
247
107
643
75
934
645
982
667
936
272
605
266
17
493
606
427
38
650
727
985
943
386
19
384
986
796
166
597
318
400
629
372
85
393
564
314
941
337
40
632
956
74
928
665
664
239
151
778
126
501
33
467
885
275
188
614
725
598
537
849
687
719
149
917
826
411
899
803
369
150
322
198
5
793
217
966
887
421
683
58
897
573
833
295
466
419
292
49
201
548
822
947
181
294
249
504
48
129
259
676
344
455
944
139
258
742
799
587
582
477
474
175
579
677
55
371
157
458
959
248
907
4
805
652
638
451
709
969
14
927
212
233
603
348
872
735
128
578
728
911
423
841
243
470
730
786
252
64
111
810
260
743
407
813
183
913
634
691
967
358
772
375
330
496
116
921
957
406
267
648
482
485
977
575
367
158
847
741
228
63
954
879
443
604
996
972
288
6
834
412
608
450
187
146
835
324
481
202
868
88
475
534
426
1000
864
836
901
147
23
765
653
843
673
465
161
274
865
929
302
120
884
558
39
861
219
890
93
479
231
633
700
678
331
174
491
265
562
199
185
373
383
73
670
436
855
46
566
649
554
800
705
788
229
935
519
413
360
123
698
520
948
758
657
136
819
909
684
993
535
186
430
923
388
565
218
962
45
517
729
414
303
790
80
13
83
675
641
394
227
825
771
856
169
581
236
556
618
881
533
283
445
950
809
96
646
523
478
787
970
334
378
932
610
221
469
226
463
915
681
309
761
933
713
424
53
918
529
831
460
711
325
816
716
42
549
362
905
710
114
304
679
510
964
18
495
777
830
461
50
140
998
945
696
191
155
785
769
341
989
76
919
37
755
316
663
453
794
391
472
766
686
871
882
67
990
167
364
366
937
21
89
600
518
965
688
615
102
315
762
620
671
852
827
452
862
346
285
350
240
9
953
848
654
206
693
626
338
159
702
844
357
117
449
321
540
818
547
850
98
595
557
574
15
569
521
352
877
368
162
153
756
824
514
36
494
774
361
7
132
880
387
878
271
812
963
925
263
593
619
347
527
512
532
397
355
99
447
418
802
631
739
115
225
940
26
718
924
775
476
513
958
980
662
177
118
630
555
635
870
838
490
213
446
984
767
747
624
24
659
340
216
438
464
612
130
708
764
699
680
395
281
815
672
214
163
908
87
422
94
828
133
674
898
508
404
103
797
405
930
516
57
550
561
955
459
525
392
682
837
627
380
43
715
293
95
354
462
90
570
264
182
625
906
12
270
468
926
97
863
731
253
342
278
210
502
287
920
892
576
403
134
694
544
173
524
312
402
511
894
237
323
732
571
567
353
440
190
32
416
374
401
434
370
121
543
780
168
639
749
351
91
205
949
208
396
425
596
789
300
145
84
685
580
160
223
164
536
981
722
170
577
35
241
651
480
770
122
317
180
733
658
179
973
914
398
244
900
902
497
560
10
717
572
903
31
509
277
34
255
420
92
916
113
222
976
